4 5
0.000000 2.000000
1.198828 2.000000
0.592187 -0.000000
1.592187 -0.000000
2.592188 -0.000000
5.742899 -0.000000
6.742899 -0.000000
6.742899 2.000000
9.015520 2.038027
9.015520 0.038027
9.015520 -0.475337
11.000000 0.000000
12.000000 0.000000
14.000000 0.019013
16.000000 0.000000
20.000000 0.000000
0.000000 0.479304
1.000000 0.479304
2.000000 0.000000
3.000000 0.000000
4.000000 0.000000
6.450074 -0.019013
6.744949 0.000000
6.744949 -1.011300
8.022255 -1.030314
8.022255 0.000000
10.170716 0.950673
9.556661 -0.019013
10.556661 -0.019013
12.556661 -0.019013
16.000000 0.000000
20.000000 0.000000
3.076562 0.018435
4.076563 0.018435
3.304296 0.571478
4.304296 0.571478
5.304298 0.571478
4.532033 0.000000
5.532033 0.000000
6.532033 0.000000
8.000001 0.494350
9.000001 0.494350
10.000001 0.494350
11.000000 0.000000
12.000000 0.000000
14.000000 0.000000
16.000000 0.000000
20.000000 0.000000
0.000000 2.000000
1.000000 2.000000
2.000000 0.000000
3.000000 0.000000
4.000000 0.000000
4.420313 -0.000000
5.420313 -0.000000
6.420313 -0.000000
5.929688 -1.663842
6.929688 -1.663842
7.929684 -1.663842
6.929688 0.323229
9.668083 -0.019013
11.840851 -0.034440
19.767204 3.102778
19.767204 1.581704
